export function apiMatrix(onResponse) {
  const { data, onFetchResponse, onFetchError } = useApi('/get_operators_1v1_matrix').post().json()

  onResponse && onFetchResponse(() => onResponse(data.value))

  // mock
  onFetchError(() => {
    onResponse && onResponse([
      [
        0,
        58521,
        50664,
        56735,
        61405,
        53916,
        -16634,
        56053,
        54553,
        -7271,
        -20988,
        -13735,
        63444,
        61909,
        -14247,
        -18532,
        -8013,
        -32127,
        37700,
        -53666,
        -9474,
        -11228,
        13750,
        58432,
        45587,
        30401,
        46344,
        61449,
        31535,
        60465,
        59782,
        55367,
        -56500,
        -54783,
        60193,
        14236,
        39524,
        -37557,
        57121,
        60832,
        37562,
        62429,
        58568,
        65762,
        60319,
        47369,
        64714,
        -13730,
        -14116,
        58811,
        -14240,
        -19363,
        -7848,
        -44697,
        -24992,
        -47927,
        -6816,
        42217,
        -54546,
        -51652,
        60267,
        45376,
        61224,
        27781,
        -63133,
        -37195,
        6179,
        -6117,
        59332,
        32741,
        -47427,
        28332,
        58702,
        14473,
        41909,
        -61064,
        -42042,
        60162,
        60189,
        50943,
        63212,
        38255,
        53125,
        57032,
        14648,
        38936,
        31122,
        -47183,
        30870,
        45951,
        12401,
        -19210,
        -60668,
        16665,
        38603,
        -41859,
        -41204,
        6914,
        -56746,
        -32037,
        -67816,
        13409,
        18039,
        34195,
        -36130,
        -57754,
      ],
      [
        -58521,
        0,
        -35616,
        -37368,
        34835,
        7687,
        -52038,
        -38648,
        -23040,
        -59595,
        -53920,
        -64426,
        12806,
        -25352,
        -61134,
        -61165,
        -55336,
        -66755,
        -38139,
        -58391,
        -53659,
        -64861,
        -49825,
        -19042,
        -47771,
        -49432,
        -26207,
        -1605,
        -56296,
        -10936,
        11911,
        -38031,
        -64688,
        -64549,
        2127,
        -62189,
        -40357,
        -60337,
        -789,
        21731,
        -39682,
        6398,
        39659,
        46000,
        -4663,
        -38428,
        5240,
        -59228,
        -54109,
        23996,
        -58630,
        -61716,
        -59921,
        -65580,
        -58727,
        -66849,
        -60569,
        -58962,
        -65229,
        -64075,
        8659,
        -49357,
        -11626,
        -53841,
        -65261,
        -63929,
        -57934,
        -57506,
        36981,
        -51783,
        -62828,
        -50465,
        -21377,
        -60946,
        -41615,
        -65677,
        -58829,
        -30853,
        49688,
        -40748,
        -6468,
        -55387,
        -19716,
        -33138,
        -57928,
        -56777,
        -53468,
        -65849,
        -52913,
        -36271,
        -53975,
        -62527,
        -64661,
        -57015,
        -55040,
        -66476,
        -64846,
        -56831,
        -61386,
        -61673,
        -63730,
        -47391,
        -59989,
        -51662,
        -64508,
        -65065,
      ],
      [
        -50664,
        35616,
        0,
        12140,
        53538,
        41576,
        -51326,
        -1098,
        12847,
        -48453,
        -50939,
        -53973,
        37847,
        15701,
        -52169,
        -41415,
        -41431,
        -54365,
        -9710,
        -60838,
        -37154,
        -49514,
        -17048,
        26186,
        -14666,
        -19668,
        6892,
        44259,
        -40527,
        26524,
        39726,
        -1526,
        -62657,
        -56165,
        35913,
        -47883,
        -11774,
        -56465,
        35460,
        41150,
        -8438,
        32206,
        54782,
        54968,
        31614,
        -5659,
        39853,
        -43034,
        -39342,
        47761,
        -57884,
        -59181,
        -44455,
        -65071,
        -47059,
        -59105,
        -45211,
        -41892,
        -62333,
        -61743,
        35602,
        -21049,
        29430,
        -33131,
        -68624,
        -60424,
        -39424,
        -46148,
        46869,
        -35449,
        -57640,
        -23478,
        18521,
        -41455,
        -17288,
        -65254,
        -64546,
        14606,
        50985,
        -1620,
        23792,
        -32701,
        18959,
        -2664,
        -39174,
        -31001,
        -36309,
        -63301,
        -35993,
        -9646,
        -35769,
        -53422,
        -73532,
        -35089,
        -22797,
        -55118,
        -57023,
        -46750,
        -64409,
        -57269,
        -65758,
        -36513,
        -49392,
        -36536,
        -61453,
        -63320,
      ],
      [
        -56735,
        37368,
        -12140,
        0,
        52249,
        36935,
        -48325,
        -7682,
        11545,
        -53095,
        -52903,
        -54775,
        36543,
        7938,
        -59578,
        -47747,
        -43073,
        -55070,
        -8631,
        -66744,
        -37812,
        -53635,
        -19429,
        17448,
        -17942,
        -19497,
        1719,
        29152,
        -42177,
        28062,
        40445,
        -6420,
        -63233,
        -55231,
        40488,
        -51599,
        -11489,
        -53550,
        35963,
        43670,
        -11768,
        28746,
        51285,
        56633,
        29115,
        -9333,
        30154,
        -51951,
        -50411,
        42370,
        -56173,
        -57901,
        -51916,
        -66804,
        -50216,
        -61200,
        -51378,
        -39139,
        -61954,
        -60319,
        32585,
        -31362,
        27064,
        -37458,
        -62453,
        -62527,
        -40427,
        -51650,
        46108,
        -42391,
        -59643,
        -29775,
        11042,
        -45049,
        -20772,
        -63737,
        -61538,
        16435,
        51977,
        -2554,
        25352,
        -36131,
        19011,
        -4628,
        -41726,
        -42301,
        -32554,
        -60858,
        -33666,
        -13418,
        -43463,
        -53393,
        -67433,
        -40880,
        -29927,
        -59325,
        -57722,
        -46715,
        -65154,
        -53810,
        -61960,
        -37581,
        -46254,
        -35874,
        -57696,
        -59772,
      ],
      [
        -61405,
        -34835,
        -53538,
        -52249,
        0,
        -24227,
        -64904,
        -53608,
        -49715,
        -67024,
        -60406,
        -62059,
        -29339,
        -43188,
        -59632,
        -55256,
        -54671,
        -64540,
        -43589,
        -67383,
        -56444,
        -66635,
        -50483,
        -45269,
        -55044,
        -51153,
        -47696,
        -45437,
        -55804,
        -34684,
        -23064,
        -51970,
        -66779,
        -63392,
        -39604,
        -59830,
        -52494,
        -60214,
        -30887,
        -28707,
        -50948,
        -29387,
        12878,
        19902,
        -42253,
        -54532,
        -29762,
        -62299,
        -59050,
        -17514,
        -64133,
        -65529,
        -61432,
        -67773,
        -64663,
        -62868,
        -63822,
        -58827,
        -70946,
        -64362,
        -16421,
        -59390,
        -34306,
        -57014,
        -65114,
        -64648,
        -57683,
        -63443,
        8020,
        -60835,
        -61080,
        -54528,
        -43750,
        -57598,
        -58050,
        -67445,
        -64871,
        -47003,
        11288,
        -55462,
        -33596,
        -56105,
        -43795,
        -52024,
        -56381,
        -60117,
        -58086,
        -66523,
        -59002,
        -51899,
        -57308,
        -55809,
        -69871,
        -55464,
        -56635,
        -63333,
        -69664,
        -61214,
        -61871,
        -63379,
        -66280,
        -54311,
        -61136,
        -59682,
        -60798,
        -66467,
      ],
      [
        -53916,
        -7687,
        -41576,
        -36935,
        24227,
        0,
        -59221,
        -44375,
        -28996,
        -60534,
        -57527,
        -59511,
        -892,
        -33331,
        -60052,
        -54390,
        -53513,
        -59339,
        -33931,
        -64339,
        -50590,
        -61305,
        -46363,
        -17142,
        -45801,
        -44112,
        -33585,
        -14663,
        -57417,
        -24573,
        2194,
        -47889,
        -64087,
        -62090,
        -5541,
        -57414,
        -44880,
        -56864,
        -10899,
        2262,
        -40136,
        -11670,
        32716,
        40717,
        -17275,
        -43560,
        -9025,
        -58901,
        -62068,
        10349,
        -58746,
        -56491,
        -56579,
        -66634,
        -57996,
        -61275,
        -57632,
        -54415,
        -67750,
        -61260,
        -2342,
        -51499,
        -18178,
        -53519,
        -64373,
        -63920,
        -54917,
        -56416,
        19856,
        -58677,
        -64257,
        -46956,
        -31286,
        -61875,
        -45608,
        -64660,
        -63147,
        -32974,
        35655,
        -47215,
        -9759,
        -53080,
        -28957,
        -43585,
        -59233,
        -55861,
        -55461,
        -62417,
        -56085,
        -42982,
        -56294,
        -66316,
        -57080,
        -53695,
        -55947,
        -61771,
        -61047,
        -54084,
        -55356,
        -64841,
        -65911,
        -55505,
        -59101,
        -50981,
        -64346,
        -66160,
      ],
      [
        16634,
        52038,
        51326,
        48325,
        64904,
        59221,
        0,
        52457,
        55400,
        9629,
        -2141,
        1825,
        59929,
        57877,
        7830,
        1097,
        12311,
        -21032,
        54170,
        -31466,
        5871,
        13886,
        40424,
        56089,
        39485,
        41307,
        43413,
        53110,
        35991,
        54311,
        63082,
        52805,
        -43596,
        -56309,
        58654,
        15156,
        40775,
        -35729,
        62009,
        60316,
        51062,
        57528,
        61714,
        59628,
        54376,
        50232,
        61392,
        1082,
        611,
        62766,
        6442,
        1853,
        14720,
        -28223,
        -3723,
        -33587,
        15730,
        36052,
        -46268,
        -30148,
        64522,
        39163,
        54825,
        41945,
        -64307,
        -6876,
        30049,
        20505,
        63541,
        25537,
        -57342,
        44023,
        53077,
        21816,
        36696,
        -53005,
        -28512,
        54454,
        63110,
        47657,
        60142,
        42050,
        49965,
        53408,
        26572,
        38347,
        41597,
        -22143,
        43047,
        49626,
        28877,
        8985,
        -66518,
        32724,
        40614,
        -11699,
        -21496,
        20186,
        -48235,
        -11308,
        -55683,
        37438,
        23223,
        33379,
        -16835,
        -46306,
      ],
      [
        -56053,
        38648,
        1098,
        7682,
        53608,
        44375,
        -52457,
        0,
        15881,
        -51959,
        -56905,
        -53292,
        46289,
        21275,
        -54385,
        -50881,
        -47674,
        -55518,
        -4368,
        -64118,
        -42380,
        -52943,
        -22597,
        25782,
        -8535,
        -17691,
        13819,
        34073,
        -42299,
        26899,
        46686,
        2746,
        -60480,
        -67365,
        41954,
        -39855,
        -7191,
        -52420,
        41940,
        44308,
        -16450,
        33925,
        53469,
        55172,
        35278,
        2050,
        41078,
        -51041,
        -44888,
        50118,
        -57635,
        -57559,
        -56181,
        -60581,
        -52300,
        -62950,
        -46755,
        -25293,
        -64152,
        -62667,
        38988,
        -7650,
        34111,
        -39083,
        -63357,
        -58300,
        -40190,
        -49214,
        49305,
        -27602,
        -64259,
        -43155,
        23568,
        -41198,
        -12233,
        -64534,
        -62007,
        25917,
        58146,
        6373,
        32558,
        -28347,
        19103,
        2193,
        -41078,
        -24926,
        -30818,
        -55050,
        -29184,
        -10139,
        -47909,
        -57525,
        -62754,
        -35724,
        -26616,
        -64270,
        -61043,
        -44734,
        -61665,
        -62299,
        -64469,
        -33527,
        -36848,
        -28241,
        -60100,
        -64758,
      ],
      [
        -54553,
        23040,
        -12847,
        -11545,
        49715,
        28996,
        -55400,
        -15881,
        0,
        -56976,
        -64309,
        -59087,
        37216,
        9421,
        -57967,
        -55449,
        -45647,
        -54395,
        -17694,
        -63260,
        -49163,
        -54818,
        -34136,
        13389,
        -23159,
        -28511,
        -5526,
        21378,
        -48636,
        16202,
        33793,
        -10463,
        -66584,
        -66549,
        33177,
        -46210,
        -22497,
        -58694,
        24558,
        41465,
        -20222,
        36036,
        48352,
        50646,
        19657,
        -13579,
        27329,
        -53984,
        -47794,
        38928,
        -59354,
        -54915,
        -56990,
        -64913,
        -58004,
        -62662,
        -56102,
        -38154,
        -66477,
        -62284,
        24425,
        -25352,
        24185,
        -37805,
        -62848,
        -65000,
        -49466,
        -50880,
        43133,
        -36374,
        -61829,
        -35967,
        10073,
        -46113,
        -18440,
        -63490,
        -63445,
        7589,
        52913,
        -5745,
        20747,
        -33944,
        4026,
        -9180,
        -47797,
        -37426,
        -40846,
        -65058,
        -40239,
        -18615,
        -44729,
        -53112,
        -61263,
        -37435,
        -32824,
        -58617,
        -62124,
        -51956,
        -65562,
        -57486,
        -66670,
        -43198,
        -39999,
        -37275,
        -56194,
        -63235,
      ],
      [
        7271,
        59595,
        48453,
        53095,
        67024,
        60534,
        -9629,
        51959,
        56976,
        0,
        -14597,
        -11867,
        60605,
        60178,
        -11899,
        -14515,
        -2699,
        -26894,
        50369,
        -44036,
        -4199,
        -4071,
        24339,
        54605,
        45127,
        38769,
        49324,
        56708,
        28693,
        58307,
        56312,
        48493,
        -56470,
        -58481,
        61102,
        14298,
        42483,
        -31528,
        62386,
        60043,
        42606,
        59014,
        62710,
        65604,
        55846,
        49035,
        59075,
        -9688,
        -15742,
        63908,
        89,
        -10589,
        -4584,
        -38682,
        -24961,
        -46606,
        12,
        44443,
        -57913,
        -49108,
        62002,
        42698,
        57316,
        32740,
        -61740,
        -21812,
        6666,
        -3618,
        58748,
        31604,
        -48252,
        30261,
        59777,
        15509,
        42614,
        -62206,
        -41399,
        63290,
        67315,
        49326,
        56631,
        44100,
        55349,
        55347,
        19847,
        35864,
        38214,
        -35399,
        39344,
        51927,
        16910,
        -10978,
        -64659,
        28541,
        43357,
        -35570,
        -44576,
        13144,
        -56545,
        -24508,
        -66246,
        27825,
        23763,
        36542,
        -33846,
        -46841,
      ],
      [
        20988,
        53920,
        50939,
        52903,
        60406,
        57527,
        2141,
        56905,
        64309,
        14597,
        0,
        7992,
        60034,
        56680,
        14009,
        -516,
        12656,
        -18848,
        49775,
        -31643,
        10997,
        13418,
        29805,
        55800,
        40339,
        42923,
        43588,
        55791,
        43349,
        55404,
        60218,
        55453,
        -41403,
        -54772,
        59030,
        24158,
        40768,
        -25664,
        57949,
        59306,
        53899,
        60249,
        63018,
        63237,
        61991,
        51353,
        59147,
        5064,
        4378,
        65257,
        13773,
        9124,
        18133,
        -26842,
        2182,
        -36817,
        22284,
        38695,
        -42523,
        -28237,
        64514,
        43142,
        60030,
        38650,
        -62624,
        1925,
        27533,
        23084,
        62724,
        36145,
        -46706,
        42601,
        57412,
        32391,
        43786,
        -55244,
        -22358,
        53757,
        61950,
        52437,
        60790,
        43791,
        55555,
        57376,
        31021,
        39406,
        42534,
        -15465,
        42651,
        52753,
        29909,
        11335,
        -63043,
        31940,
        40541,
        -6036,
        -21646,
        30068,
        -50826,
        -2530,
        -61024,
        33361,
        30480,
        41956,
        -10423,
        -41130,
      ],
      [
        13735,
        64426,
        53973,
        54775,
        62059,
        59511,
        -1825,
        53292,
        59087,
        11867,
        -7992,
        0,
        63730,
        54608,
        -236,
        -8911,
        244,
        -24738,
        53253,
        -48730,
        3195,
        5640,
        27704,
        59001,
        50727,
        42881,
        47027,
        63576,
        38858,
        61631,
        65401,
        56289,
        -54053,
        -53583,
        60556,
        19331,
        40100,
        -28321,
        61376,
        60397,
        46402,
        60327,
        70607,
        58850,
        63444,
        53766,
        54746,
        -3759,
        -5549,
        66213,
        6624,
        3534,
        227,
        -34560,
        -17198,
        -45025,
        8094,
        43286,
        -56000,
        -44079,
        61932,
        48990,
        61715,
        38470,
        -61328,
        -18001,
        16788,
        2000,
        64258,
        33397,
        -48312,
        44485,
        57855,
        24232,
        44726,
        -63685,
        -33364,
        55878,
        60229,
        53932,
        64349,
        47385,
        54342,
        58857,
        24143,
        44298,
        45743,
        -25374,
        43283,
        51173,
        25291,
        2927,
        -63244,
        34582,
        43365,
        -16108,
        -40660,
        25803,
        -56789,
        -16911,
        -61071,
        32699,
        28547,
        38646,
        -21834,
        -55558,
      ],
      [
        -63444,
        -12806,
        -37847,
        -36543,
        29339,
        892,
        -59929,
        -46289,
        -37216,
        -60605,
        -60034,
        -63730,
        0,
        -30404,
        -61404,
        -61437,
        -61098,
        -67072,
        -35258,
        -66740,
        -57992,
        -62235,
        -50049,
        -25193,
        -46667,
        -47917,
        -36563,
        -12059,
        -56696,
        -22141,
        1012,
        -41168,
        -61944,
        -66440,
        -8606,
        -59923,
        -47821,
        -57493,
        -13729,
        4001,
        -43857,
        -6754,
        33509,
        41163,
        -17200,
        -40177,
        -6956,
        -60522,
        -57906,
        9598,
        -65259,
        -66695,
        -59951,
        -57836,
        -58096,
        -64854,
        -59839,
        -51711,
        -63257,
        -67791,
        2371,
        -52686,
        -15059,
        -53920,
        -66438,
        -65238,
        -55475,
        -56226,
        22886,
        -52094,
        -64479,
        -55151,
        -28675,
        -60785,
        -48002,
        -64876,
        -64677,
        -32982,
        38394,
        -43400,
        -18508,
        -53032,
        -34942,
        -42178,
        -59484,
        -57970,
        -54407,
        -68357,
        -54324,
        -41981,
        -54910,
        -58188,
        -60671,
        -52297,
        -53948,
        -63062,
        -62142,
        -60218,
        -66453,
        -63869,
        -62262,
        -54895,
        -58343,
        -52634,
        -60284,
        -63155,
      ],
      [
        -61909,
        25352,
        -15701,
        -7938,
        43188,
        33331,
        -57877,
        -21275,
        -9421,
        -60178,
        -56680,
        -54608,
        30404,
        0,
        -58456,
        -53468,
        -54309,
        -57813,
        -22271,
        -66451,
        -46078,
        -59517,
        -39989,
        14710,
        -30993,
        -33112,
        -6395,
        17907,
        -47175,
        6966,
        37202,
        -19827,
        -64536,
        -64175,
        24216,
        -55063,
        -29226,
        -61133,
        24591,
        35797,
        -27488,
        22825,
        53179,
        54637,
        16182,
        -17650,
        26975,
        -58468,
        -55992,
        36577,
        -55902,
        -63430,
        -61820,
        -62401,
        -61618,
        -66413,
        -54220,
        -43386,
        -63569,
        -61149,
        27813,
        -30330,
        14367,
        -46230,
        -65781,
        -65522,
        -56001,
        -53511,
        43846,
        -44332,
        -68231,
        -32021,
        4008,
        -51425,
        -28714,
        -65257,
        -64448,
        4022,
        51810,
        -21126,
        19292,
        -42151,
        -2769,
        -16104,
        -50979,
        -45868,
        -42918,
        -61456,
        -42843,
        -25365,
        -58363,
        -55209,
        -66594,
        -47610,
        -41516,
        -56668,
        -65509,
        -54933,
        -58010,
        -62959,
        -64958,
        -48213,
        -47659,
        -42788,
        -61065,
        -62743,
      ],
      [
        14247,
        61134,
        52169,
        59578,
        59632,
        60052,
        -7830,
        54385,
        57967,
        11899,
        -14009,
        236,
        61404,
        58456,
        0,
        -13520,
        4995,
        -25325,
        51239,
        -45399,
        598,
        1815,
        25011,
        52310,
        48191,
        41697,
        54937,
        60529,
        38128,
        60909,
        61493,
        54492,
        -50269,
        -56816,
        63868,
        20013,
        38795,
        -31627,
        60594,
        61005,
        46293,
        60566,
        60343,
        61946,
        59915,
        53173,
        62026,
        -9592,
        -10461,
        64222,
        4379,
        -1745,
        6173,
        -33488,
        -6434,
        -44743,
        11981,
        44984,
        -55981,
        -42962,
        60820,
        48965,
        55823,
        34367,
        -66532,
        -12245,
        23362,
        11329,
        60235,
        35792,
        -47247,
        44954,
        52090,
        23923,
        41428,
        -62010,
        -41465,
        59563,
        65248,
        54860,
        57508,
        42424,
        54580,
        50048,
        27981,
        43459,
        43831,
        -30059,
        41072,
        51554,
        32148,
        1346,
        -59802,
        27764,
        43361,
        -23402,
        -36051,
        22223,
        -55091,
        -10499,
        -61553,
        28347,
        26569,
        46045,
        -18415,
        -52844,
      ],
      [
        18532,
        61165,
        41415,
        47747,
        55256,
        54390,
        -1097,
        50881,
        55449,
        14515,
        516,
        8911,
        61437,
        53468,
        13520,
        0,
        15361,
        -21122,
        52061,
        -29371,
        1624,
        14607,
        39751,
        50975,
        37712,
        44103,
        44934,
        53663,
        27741,
        53196,
        57929,
        52557,
        -41888,
        -57395,
        53901,
        17877,
        41351,
        -37704,
        54315,
        61640,
        50345,
        58392,
        55641,
        59438,
        53316,
        54461,
        57920,
        7178,
        782,
        64453,
        10057,
        9407,
        12103,
        -19123,
        7040,
        -34014,
        20705,
        37167,
        -43388,
        -28446,
        59917,
        39649,
        56689,
        38379,
        -52041,
        -6001,
        33062,
        20025,
        63427,
        29375,
        -58976,
        42683,
        48901,
        26921,
        32388,
        -53836,
        -20951,
        53171,
        61359,
        47953,
        60809,
        40368,
        52789,
        51221,
        32624,
        36240,
        36374,
        -19404,
        39765,
        51777,
        34572,
        8092,
        -61249,
        31067,
        38272,
        -7047,
        -24199,
        26896,
        -57043,
        -1664,
        -66507,
        37007,
        26469,
        35234,
        -11627,
        -47959,
      ],
      [
        8013,
        55336,
        41431,
        43073,
        54671,
        53513,
        -12311,
        47674,
        45647,
        2699,
        -12656,
        -244,
        61098,
        54309,
        -4995,
        -15361,
        0,
        -33475,
        53181,
        -40521,
        -9488,
        -1773,
        27110,
        46790,
        31954,
        34758,
        40461,
        52931,
        24712,
        52887,
        57525,
        49376,
        -51876,
        -61993,
        60200,
        11084,
        38593,
        -41919,
        58697,
        58383,
        44209,
        60975,
        60439,
        61391,
        54558,
        49154,
        52315,
        -9099,
        -12474,
        53416,
        -2556,
        -4520,
        3530,
        -27274,
        -16211,
        -44677,
        8646,
        32921,
        -49566,
        -38382,
        58512,
        36255,
        54803,
        29891,
        -62724,
        -13329,
        13794,
        5801,
        57717,
        21171,
        -59562,
        42555,
        50473,
        17927,
        30002,
        -54862,
        -35129,
        52200,
        61787,
        42623,
        56230,
        35649,
        44979,
        50870,
        26020,
        26740,
        34799,
        -26687,
        32038,
        44140,
        17317,
        -3200,
        -64358,
        27508,
        29602,
        -22817,
        -35614,
        22223,
        -58226,
        -15281,
        -68733,
        23222,
        13799,
        26338,
        -20367,
        -54777,
      ],
      [
        32127,
        66755,
        54365,
        55070,
        64540,
        59339,
        21032,
        55518,
        54395,
        26894,
        18848,
        24738,
        67072,
        57813,
        25325,
        21122,
        33475,
        0,
        60599,
        -7829,
        27921,
        25990,
        49937,
        59220,
        49012,
        54538,
        52688,
        57714,
        44669,
        62991,
        57063,
        54743,
        -33067,
        -49504,
        62020,
        35125,
        53544,
        -9758,
        56138,
        61875,
        56805,
        65415,
        63825,
        60015,
        61084,
        55798,
        54009,
        23872,
        21910,
        62772,
        26577,
        25867,
        28633,
        -10799,
        13670,
        -12966,
        37108,
        51764,
        -27623,
        -12540,
        59843,
        49435,
        63017,
        53989,
        -55166,
        5137,
        41157,
        39237,
        66324,
        43901,
        -42774,
        58894,
        57248,
        34771,
        48993,
        -44903,
        -4998,
        58433,
        60727,
        58473,
        60247,
        50772,
        53725,
        55002,
        39288,
        50751,
        45827,
        -8478,
        51312,
        53296,
        43495,
        23058,
        -64324,
        40298,
        46586,
        1608,
        -2457,
        34640,
        -43260,
        13135,
        -62531,
        45129,
        36850,
        50136,
        3499,
        -26049,
      ],
      [
        -37700,
        38139,
        9710,
        8631,
        43589,
        33931,
        -54170,
        4368,
        17694,
        -50369,
        -49775,
        -53253,
        35258,
        22271,
        -51239,
        -52061,
        -53181,
        -60599,
        0,
        -61859,
        -43704,
        -52028,
        -33552,
        24627,
        -3336,
        -13654,
        9039,
        30097,
        -23521,
        27200,
        39475,
        13950,
        -67223,
        -61931,
        36941,
        -27190,
        -5247,
        -59363,
        28855,
        43164,
        -8081,
        37834,
        53242,
        49632,
        32349,
        4957,
        34307,
        -53865,
        -51147,
        44687,
        -48478,
        -52701,
        -47117,
        -53427,
        -47373,
        -59312,
        -49213,
        -8418,
        -63457,
        -61037,
        38884,
        -7050,
        30982,
        -28841,
        -68669,
        -52758,
        -39246,
        -40912,
        47952,
        -14825,
        -61393,
        -18687,
        23617,
        -23590,
        -6689,
        -64957,
        -55587,
        23320,
        56421,
        7990,
        37934,
        -14983,
        16078,
        7660,
        -31525,
        -15597,
        -13431,
        -52789,
        -16666,
        -1330,
        -36361,
        -51735,
        -68453,
        -27140,
        -11621,
        -53865,
        -63400,
        -38821,
        -67740,
        -50748,
        -67374,
        -34496,
        -21522,
        -13965,
        -49458,
        -66338,
      ],
      [
        53666,
        58391,
        60838,
        66744,
        67383,
        64339,
        31466,
        64118,
        63260,
        44036,
        31643,
        48730,
        66740,
        66451,
        45399,
        29371,
        40521,
        7829,
        61859,
        0,
        36167,
        43473,
        48815,
        64284,
        60760,
        57217,
        60023,
        64842,
        59126,
        60272,
        64150,
        65330,
        -13769,
        -30692,
        63550,
        51620,
        59387,
        -1826,
        61848,
        66953,
        61312,
        66030,
        63623,
        63670,
        64903,
        61333,
        61828,
        33236,
        29233,
        61820,
        45903,
        46250,
        46510,
        4492,
        34217,
        6089,
        44093,
        61901,
        -23966,
        2516,
        64520,
        61533,
        63463,
        61458,
        -54299,
        35009,
        58576,
        49717,
        62059,
        61310,
        -27153,
        59032,
        60466,
        53999,
        60423,
        -42397,
        11657,
        65644,
        68158,
        63945,
        64475,
        63342,
        65238,
        64077,
        54066,
        56255,
        62302,
        12246,
        59896,
        64554,
        55948,
        46387,
        -52493,
        56678,
        59898,
        30161,
        9359,
        52588,
        -31398,
        36551,
        -52508,
        60436,
        57281,
        64822,
        20639,
        -20986,
      ],
      [
        9474,
        53659,
        37154,
        37812,
        56444,
        50590,
        -5871,
        42380,
        49163,
        4199,
        -10997,
        -3195,
        57992,
        46078,
        -598,
        -1624,
        9488,
        -27921,
        43704,
        -36167,
        0,
        6988,
        33041,
        44686,
        33711,
        34826,
        34972,
        52434,
        25482,
        51260,
        55167,
        45865,
        -41714,
        -56317,
        53010,
        9921,
        34613,
        -38331,
        55258,
        58092,
        45083,
        55090,
        59137,
        56947,
        50654,
        47369,
        50577,
        1081,
        -4825,
        56501,
        3461,
        -5258,
        2935,
        -19627,
        -10073,
        -32245,
        8990,
        27873,
        -43440,
        -29421,
        58308,
        29449,
        54875,
        32260,
        -53936,
        -18444,
        17590,
        11211,
        60147,
        18024,
        -56716,
        34233,
        46233,
        18560,
        27363,
        -49550,
        -25645,
        46119,
        58598,
        40712,
        56503,
        26323,
        42867,
        45133,
        20209,
        23538,
        31765,
        -22440,
        28093,
        39399,
        16483,
        -4818,
        -60059,
        20452,
        28799,
        -12506,
        -27272,
        18896,
        -42457,
        -11456,
        -52455,
        24719,
        17052,
        27881,
        -14376,
        -38736,
      ],
      [
        11228,
        64861,
        49514,
        53635,
        66635,
        61305,
        -13886,
        52943,
        54818,
        4071,
        -13418,
        -5640,
        62235,
        59517,
        -1815,
        -14607,
        1773,
        -25990,
        52028,
        -43473,
        -6988,
        0,
        27157,
        60410,
        41186,
        37044,
        46655,
        66327,
        33094,
        59726,
        61116,
        58969,
        -45807,
        -52061,
        66333,
        17964,
        45263,
        -37136,
        58155,
        66045,
        45345,
        63251,
        64857,
        71249,
        56599,
        50972,
        63437,
        -4324,
        -3538,
        63433,
        1481,
        -3526,
        2294,
        -26119,
        -10266,
        -35486,
        2330,
        42822,
        -47181,
        -34336,
        63186,
        43850,
        62815,
        30769,
        -54781,
        -20022,
        18741,
        15320,
        59644,
        35119,
        -45555,
        40421,
        55696,
        20673,
        37389,
        -57276,
        -33324,
        56322,
        64633,
        52427,
        63850,
        47754,
        55000,
        58581,
        31075,
        40179,
        40212,
        -29535,
        41439,
        53164,
        22537,
        -3787,
        -59834,
        30589,
        42180,
        -20985,
        -31330,
        17299,
        -57448,
        -13181,
        -59945,
        29546,
        27485,
        38932,
        -23122,
        -51436,
      ],
      [
        -13750,
        49825,
        17048,
        19429,
        50483,
        46363,
        -40424,
        22597,
        34136,
        -24339,
        -29805,
        -27704,
        50049,
        39989,
        -25011,
        -39751,
        -27110,
        -49937,
        33552,
        -48815,
        -33041,
        -27157,
        0,
        36985,
        16672,
        16703,
        21878,
        42602,
        5959,
        43316,
        47025,
        31348,
        -57679,
        -64457,
        48944,
        -8491,
        13352,
        -49738,
        48106,
        52745,
        22901,
        52648,
        59237,
        61777,
        40594,
        33010,
        44386,
        -35940,
        -32176,
        45677,
        -22534,
        -23324,
        -24564,
        -36949,
        -36709,
        -55623,
        -17173,
        8910,
        -54536,
        -45986,
        56349,
        11737,
        41719,
        3662,
        -63070,
        -37056,
        -8419,
        -18833,
        58938,
        3110,
        -65505,
        10744,
        43116,
        -6302,
        16179,
        -57048,
        -48103,
        34050,
        58810,
        28283,
        47618,
        12468,
        31632,
        34628,
        -1040,
        6538,
        6834,
        -45821,
        12637,
        26404,
        -2068,
        -29166,
        -65751,
        1456,
        6835,
        -41988,
        -46931,
        -7987,
        -61344,
        -31605,
        -67429,
        -2184,
        -2749,
        15427,
        -37848,
        -58407,
      ],
      [
        -58432,
        19042,
        -26186,
        -17448,
        45269,
        17142,
        -56089,
        -25782,
        -13389,
        -54605,
        -55800,
        -59001,
        25193,
        -14710,
        -52310,
        -50975,
        -46790,
        -59220,
        -24627,
        -64284,
        -44686,
        -60410,
        -36985,
        0,
        -36532,
        -37102,
        -19127,
        7051,
        -52000,
        -1321,
        28270,
        -20024,
        -64914,
        -60428,
        16728,
        -54269,
        -35882,
        -57489,
        14542,
        28731,
        -26116,
        12401,
        45497,
        48713,
        6766,
        -24752,
        8833,
        -53861,
        -48964,
        34740,
        -62213,
        -62433,
        -62598,
        -58061,
        -54097,
        -57225,
        -52604,
        -50346,
        -65706,
        -65726,
        17770,
        -43094,
        6511,
        -47158,
        -65177,
        -60892,
        -57482,
        -54099,
        36041,
        -51056,
        -60932,
        -42599,
        -9368,
        -50051,
        -37571,
        -59751,
        -61637,
        -7513,
        49031,
        -27491,
        6674,
        -48649,
        -8241,
        -27920,
        -51363,
        -46908,
        -44689,
        -62738,
        -47291,
        -35958,
        -48949,
        -60533,
        -67045,
        -46544,
        -43311,
        -60594,
        -61350,
        -54081,
        -59957,
        -61247,
        -67079,
        -46046,
        -56359,
        -46603,
        -66237,
        -66037,
      ],
      [
        -45587,
        47771,
        14666,
        17942,
        55044,
        45801,
        -39485,
        8535,
        23159,
        -45127,
        -40339,
        -50727,
